3 20
3.142857143		0.642857143		92.85714286		ManchesterCity
2.285714286		0.571428571		71.42857143		ManchesterUnited
1.785714286		0.785714286		64.28571429		Chelsea
2.000000000		1.142857143		64.28571429		Arsenal
2.000000000		1.285714286		50.00000000		Liverpool
1.000000000		0.785714286		50.00000000		Burnley
1.571428571		0.857142857		50.00000000		Tottenham
1.714285714		1.785714286		42.85714286		Watford
1.357142857		1.428571429		28.57142857		LeicesterCity
0.928571429		1.000000000		28.57142857		Brighton
1.000000000		1.214285714		28.57142857		Southampton
0.928571429		1.357142857		28.57142857		Newcastle
1.214285714		2.000000000		28.57142857		Everton
0.642857143		1.714285714		28.57142857		Huddersfield
0.857142857		1.142857143		28.57142857		Bournemouth
1.142857143		2.071428571		21.42857143		StokeCity
0.857142857		1.500000000		14.28571429		WestBromwitch
0.857142857		2.142857143		14.28571429		WestHam
0.500000000	    1.142857143		14.28571429		Swansea
0.571428571		1.785714286		14.28571429		CrystalPalace